1.00001e-11
1e-07
5.4e-07
4e-06
8.31529e-06
1e-05
1.00929e-05
1.01867e-05
1.02813e-05
1.03768e-05
1.04732e-05
1.05705e-05
1.06687e-05
1.07678e-05
1.08679e-05
1.09688e-05
1.10707e-05
1.11736e-05
1.12774e-05
1.13822e-05
1.14879e-05
1.15946e-05
1.17024e-05
1.18111e-05
1.19208e-05
1.20315e-05
1.21433e-05
1.22561e-05
1.237e-05
1.24849e-05
1.26009e-05
1.2718e-05
1.28361e-05
1.29554e-05
1.30757e-05
1.31972e-05
1.33198e-05
1.34436e-05
1.35684e-05
1.36945e-05
1.38217e-05
1.39501e-05
1.40797e-05
1.42105e-05
1.43426e-05
1.44758e-05
1.46103e-05
1.4746e-05
1.4883e-05
1.50213e-05
1.51608e-05
1.53017e-05
1.54438e-05
1.55873e-05
1.57321e-05
1.58783e-05
1.60258e-05
1.61747e-05
1.63249e-05
1.64766e-05
1.66297e-05
1.67842e-05
1.69401e-05
1.70975e-05
1.72563e-05
1.74166e-05
1.75784e-05
1.77417e-05
1.79066e-05
1.80729e-05
1.82408e-05
1.84103e-05
1.85813e-05
1.87539e-05
1.89282e-05
1.9104e-05
1.92815e-05
1.94606e-05
1.96414e-05
1.98239e-05
2.00081e-05
2.01939e-05
2.03815e-05
2.05709e-05
2.0762e-05
2.09549e-05
2.11496e-05
2.1346e-05
2.15443e-05
2.17445e-05
2.19465e-05
2.21504e-05
2.23562e-05
2.25639e-05
2.27735e-05
2.29851e-05
2.31986e-05
2.34141e-05
2.36316e-05
2.38512e-05
2.40728e-05
2.42964e-05
2.45221e-05
2.47499e-05
2.49799e-05
2.52119e-05
2.54462e-05
2.56826e-05
2.59212e-05
2.6162e-05
2.6405e-05
2.66503e-05
2.68979e-05
2.71478e-05
2.74e-05
2.76546e-05
2.79115e-05
2.81708e-05
2.84325e-05
2.86967e-05
2.89633e-05
2.92323e-05
2.95039e-05
2.9778e-05
3.00546e-05
3.03339e-05
3.06157e-05
3.09001e-05
3.11872e-05
3.14769e-05
3.17693e-05
3.20645e-05
3.23624e-05
3.2663e-05
3.29665e-05
3.32727e-05
3.35818e-05
3.38938e-05
3.42087e-05
3.45265e-05
3.48473e-05
3.5171e-05
3.54977e-05
3.58275e-05
3.61604e-05
3.64963e-05
3.68354e-05
3.71776e-05
3.7523e-05
3.78716e-05
3.82234e-05
3.85785e-05
3.89369e-05
3.92986e-05
3.96637e-05
4.00322e-05
4.04041e-05
4.07795e-05
4.11583e-05
4.15407e-05
4.19266e-05
4.23161e-05
4.27093e-05
4.3106e-05
4.35065e-05
4.39107e-05
4.43186e-05
4.47304e-05
4.51459e-05
4.55653e-05
4.59886e-05
4.64159e-05
4.68471e-05
4.72823e-05
4.77216e-05
4.81649e-05
4.86124e-05
4.9064e-05
4.95198e-05
4.99799e-05
5.04442e-05
5.09128e-05
5.13858e-05
5.18632e-05
5.2345e-05
5.28313e-05
5.33221e-05
5.38175e-05
5.43175e-05
5.48221e-05
5.53314e-05
5.58455e-05
5.63643e-05
5.68879e-05
5.74164e-05
5.79498e-05
5.84882e-05
5.90316e-05
5.958e-05
6.01335e-05
6.06922e-05
6.1256e-05
6.18251e-05
6.23994e-05
6.29791e-05
6.35642e-05
6.41548e-05
6.47508e-05
6.53523e-05
6.59595e-05
6.65722e-05
6.71907e-05
6.78149e-05
6.84449e-05
6.90808e-05
6.97226e-05
7.03703e-05
7.10241e-05
7.16839e-05
7.23499e-05
7.3022e-05
7.37004e-05
7.43851e-05
7.50762e-05
7.57736e-05
7.64776e-05
7.71881e-05
7.79052e-05
7.86289e-05
7.93594e-05
8.00967e-05
8.08408e-05
8.15918e-05
8.23498e-05
8.31149e-05
8.3887e-05
8.46664e-05
8.54529e-05
8.62468e-05
8.7048e-05
8.78567e-05
8.8673e-05
8.94967e-05
9.03282e-05
9.11674e-05
9.20143e-05
9.28692e-05
9.37319e-05
9.46027e-05
9.54816e-05
9.63686e-05
9.72639e-05
9.81675e-05
9.90795e-05
0.0001
0.000100929
0.000101867
0.000102813
0.000103768
0.000104732
0.000105705
0.000106687
0.000107678
0.000108679
0.000109688
0.000110707
0.000111736
0.000112774
0.000113822
0.000114879
0.000115946
0.000117024
0.000118111
0.000119208
0.000120315
0.000121433
0.000122561
0.0001237
0.000124849
0.000126009
0.00012718
0.000128361
0.000129554
0.000130757
0.000131972
0.000133198
0.000134436
0.000135684
0.000136945
0.000138217
0.000139501
0.000140797
0.000142105
0.000143426
0.000144758
0.000146103
0.00014746
0.00014883
0.000150213
0.000151608
0.000153017
0.000154438
0.000155873
0.000157321
0.000158783
0.000160258
0.000161747
0.000163249
0.000164766
0.000166297
0.000167842
0.000169401
0.000170975
0.000172563
0.000174166
0.000175784
0.000177417
0.000179066
0.000180729
0.000182408
0.000184103
0.000185813
0.000187539
0.000189282
0.00019104
0.000192815
0.000194606
0.000196414
0.000198239
0.000200081
0.000201939
0.000203815
0.000205709
0.00020762
0.000209549
0.000211496
0.00021346
0.000215443
0.000217445
0.000219465
0.000221504
0.000223562
0.000225639
0.000227735
0.000229851
0.000231986
0.000234141
0.000236316
0.000238512
0.000240728
0.000242964
0.000245221
0.000247499
0.000249799
0.000252119
0.000254462
0.000256826
0.000259212
0.00026162
0.00026405
0.000266503
0.000268979
0.000271478
0.000274
0.000276546
0.000279115
0.000281708
0.000284325
0.000286967
0.000289633
0.000292323
0.000295039
0.00029778
0.000300546
0.000303339
0.000306157
0.000309001
0.000311872
0.000314769
0.000317693
0.000320645
0.000323624
0.00032663
0.000329665
0.000332727
0.000335818
0.000338938
0.000342087
0.000345265
0.000348473
0.00035171
0.000354977
0.000358275
0.000361604
0.000364963
0.000368354
0.000371776
0.00037523
0.000378716
0.000382234
0.000385785
0.000389369
0.000392986
0.000396637
0.000400322
0.000404041
0.000407795
0.000411583
0.000415407
0.000419266
0.000423161
0.000427093
0.00043106
0.000435065
0.000439107
0.000443186
0.000447304
0.000451459
0.000455653
0.000459886
0.000464159
0.000468471
0.000472823
0.000477216
0.000481649
0.000486124
0.00049064
0.000495198
0.000499799
0.000504442
0.000509128
0.000513858
0.000518632
0.00052345
0.000528313
0.000533221
0.000538175
0.000543175
0.000548221
0.000553314
0.000558455
0.000563643
0.000568879
0.000574164
0.000579498
0.000584882
0.000590316
0.0005958
0.000601335
0.000606922
0.00061256
0.000618251
0.000623994
0.000629791
0.000635642
0.000641548
0.000647508
0.000653523
0.000659595
0.000665722
0.000671907
0.000678149
0.000684449
0.000690808
0.000697226
0.000703703
0.000710241
0.000716839
0.000723499
0.00073022
0.000737004
0.000743851
0.000750762
0.000757736
0.000764776
0.000771881
0.000779052
0.000786289
0.000793594
0.000800967
0.000808408
0.000815918
0.000823498
0.000831149
0.00083887
0.000846664
0.000854529
0.000862468
0.00087048
0.000878567
0.00088673
0.000894967
0.000903282
0.000911674
0.000920143
0.000928692
0.000937319
0.000946027
0.000954816
0.000963686
0.000972639
0.000981675
0.000990795
0.001
0.00100929
0.00101867
0.00102813
0.00103768
0.00104732
0.00105705
0.00106687
0.00107678
0.00108679
0.00109688
0.00110707
0.00111736
0.00112774
0.00113822
0.00114879
0.00115946
0.00117024
0.00118111
0.00119208
0.00120315
0.00121433
0.00122561
0.001237
0.00124849
0.00126009
0.0012718
0.00128361
0.00129554
0.00130757
0.00131972
0.00133198
0.00134436
0.00135684
0.00136945
0.00138217
0.00139501
0.00140797
0.00142105
0.00143426
0.00144758
0.00146103
0.0014746
0.0014883
0.00150213
0.00151608
0.00153017
0.00154438
0.00155873
0.00157321
0.00158783
0.00160258
0.00161747
0.00163249
0.00164766
0.00166297
0.00167842
0.00169401
0.00170975
0.00172563
0.00174166
0.00175784
0.00177417
0.00179066
0.00180729
0.00182408
0.00184103
0.00185813
0.00187539
0.00189282
0.0019104
0.00192815
0.00194606
0.00196414
0.00198239
0.00200081
0.00201939
0.00203815
0.00205709
0.0020762
0.00209549
0.00211496
0.0021346
0.00215443
0.00217445
0.00219465
0.00221504
0.00223562
0.00225639
0.00227735
0.00229851
0.00231986
0.00234141
0.00236316
0.00238512
0.00240728
0.00242964
0.00245221
0.00247499
0.00249799
0.00252119
0.00254462
0.00256826
0.00259212
0.0026162
0.0026405
0.00266503
0.00268979
0.00271478
0.00274
0.00276546
0.00279115
0.00281708
0.00284325
0.00286967
0.00289633
0.00292323
0.00295039
0.0029778
0.00300546
0.00303339
0.00306157
0.00309001
0.00311872
0.00314769
0.00317693
0.00320645
0.00323624
0.0032663
0.00329665
0.00332727
0.00335818
0.00338938
0.00342087
0.00345265
0.00348473
0.0035171
0.00354977
0.00358275
0.00361604
0.00364963
0.00368354
0.00371776
0.0037523
0.00378716
0.00382234
0.00385785
0.00389369
0.00392986
0.00396637
0.00400322
0.00404041
0.00407795
0.00411583
0.00415407
0.00419266
0.00423161
0.00427093
0.0043106
0.00435065
0.00439107
0.00443186
0.00447304
0.00451459
0.00455653
0.00459886
0.00464159
0.00468471
0.00472823
0.00477216
0.00481649
0.00486124
0.0049064
0.00495198
0.00499799
0.00504442
0.00509128
0.00513858
0.00518632
0.0052345
0.00528313
0.00533221
0.00538175
0.00543175
0.00548221
0.00553314
0.00558455
0.00563643
0.00568879
0.00574164
0.00579498
0.00584882
0.00590316
0.005958
0.00601335
0.00606922
0.0061256
0.00618251
0.00623994
0.00629791
0.00635642
0.00641548
0.00647508
0.00653523
0.00659595
0.00665722
0.00671907
0.00678149
0.00684449
0.00690808
0.00697226
0.00703703
0.00710241
0.00716839
0.00723499
0.0073022
0.00737004
0.00743851
0.00750762
0.00757736
0.00764776
0.00771881
0.00779052
0.00786289
0.00793594
0.00800967
0.00808408
0.00815918
0.00823498
0.00831149
0.0083887
0.00846664
0.00854529
0.00862468
0.0087048
0.00878567
0.0088673
0.00894967
0.00903282
0.00911674
0.00920143
0.00928692
0.00937319
0.00946027
0.00954816
0.00963686
0.00972639
0.00981675
0.00990795
0.01
0.0100929
0.0101867
0.0102813
0.0103768
0.0104732
0.0105705
0.0106687
0.0107678
0.0108679
0.0109688
0.0110707
0.0111736
0.0112774
0.0113822
0.0114879
0.0115946
0.0117024
0.0118111
0.0119208
0.0120315
0.0121433
0.0122561
0.01237
0.0124849
0.0126009
0.012718
0.0128361
0.0129554
0.0130757
0.0131972
0.0133198
0.0134436
0.0135684
0.0136945
0.0138217
0.0139501
0.0140797
0.0142105
0.0143426
0.0144758
0.0146103
0.014746
0.014883
0.0150213
0.0151608
0.0153017
0.0154438
0.0155873
0.0157321
0.0158783
0.0160258
0.0161747
0.0163249
0.0164766
0.0166297
0.0167842
0.0169401
0.0170975
0.0172563
0.0174166
0.0175784
0.0177417
0.0179066
0.0180729
0.0182408
0.0184103
0.0185813
0.0187539
0.0189282
0.019104
0.0192815
0.0194606
0.0196414
0.0198239
0.0200081
0.0201939
0.0203815
0.0205709
0.020762
0.0209549
0.0211496
0.021346
0.0215443
0.0217445
0.0219465
0.0221504
0.0223562
0.0225639
0.0227735
0.0229851
0.0231986
0.0234141
0.0236316
0.0238512
0.0240728
0.0242964
0.0245221
0.0247499
0.0249799
0.0252119
0.0254462
0.0256826
0.0259212
0.026162
0.026405
0.0266503
0.0268979
0.0271478
0.0274
0.0276546
0.0279115
0.0281708
0.0284325
0.0286967
0.0289633
0.0292323
0.0295039
0.029778
0.0300546
0.0303339
0.0306157
0.0309001
0.0311872
0.0314769
0.0317693
0.0320645
0.0323624
0.032663
0.0329665
0.0332727
0.0335818
0.0338938
0.0342087
0.0345265
0.0348473
0.035171
0.0354977
0.0358275
0.0361604
0.0364963
0.0368354
0.0371776
0.037523
0.0378716
0.0382234
0.0385785
0.0389369
0.0392986
0.0396637
0.0400322
0.0404041
0.0407795
0.0411583
0.0415407
0.0419266
0.0423161
0.0427093
0.043106
0.0435065
0.0439107
0.0443186
0.0447304
0.0451459
0.0455653
0.0459886
0.0464159
0.0468471
0.0472823
0.0477216
0.0481649
0.0486124
0.049064
0.0495198
0.0499799
0.0504442
0.0509128
0.0513858
0.0518632
0.052345
0.0528313
0.0533221
0.0538175
0.0543175
0.0548221
0.0553314
0.0558455
0.0563643
0.0568879
0.0574164
0.0579498
0.0584882
0.0590316
0.05958
0.0601335
0.0606922
0.061256
0.0618251
0.0623994
0.0629791
0.0635642
0.0641548
0.0647508
0.0653523
0.0659595
0.0665722
0.0671907
0.0678149
0.0684449
0.0690808
0.0697226
0.0703703
0.0710241
0.0716839
0.0723499
0.073022
0.0737004
0.0743851
0.0750762
0.0757736
0.0764776
0.0771881
0.0779052
0.0786289
0.0793594
0.0800967
0.0808408
0.0815918
0.0823498
0.0831149
0.083887
0.0846664
0.0854529
0.0862468
0.087048
0.0878567
0.088673
0.0894967
0.0903282
0.0911674
0.0920143
0.0928692
0.0937319
0.0946027
0.0954816
0.0963686
0.0972639
0.0981675
0.0990795
0.1
0.100929
0.101867
0.102813
0.103768
0.104732
0.105705
0.106687
0.107678
0.108679
0.109688
0.110707
0.111736
0.112774
0.113822
0.114879
0.115946
0.117024
0.118111
0.119208
0.120315
0.121433
0.122561
0.1237
0.124849
0.126009
0.12718
0.128361
0.129554
0.130757
0.131972
0.133198
0.134436
0.135684
0.136945
0.138217
0.139501
0.140797
0.142105
0.143426
0.144758
0.146103
0.14746
0.14883
0.150213
0.151608
0.153017
0.154438
0.155873
0.157321
0.158783
0.160258
0.161747
0.163249
0.164766
0.166297
0.167842
0.169401
0.170975
0.172563
0.174166
0.175784
0.177417
0.179066
0.180729
0.182408
0.184103
0.185813
0.187539
0.189282
0.19104
0.192815
0.194606
0.196414
0.198239
0.200081
0.201939
0.203815
0.205709
0.20762
0.209549
0.211496
0.21346
0.215443
0.217445
0.219465
0.221504
0.223562
0.225639
0.227735
0.229851
0.231986
0.234141
0.236316
0.238512
0.240728
0.242964
0.245221
0.247499
0.249799
0.252119
0.254462
0.256826
0.259212
0.26162
0.26405
0.266503
0.268979
0.271478
0.274
0.276546
0.279115
0.281708
0.284325
0.286967
0.289633
0.292323
0.295039
0.29778
0.300546
0.303339
0.306157
0.309001
0.311872
0.314769
0.317693
0.320645
0.323624
0.32663
0.329665
0.332727
0.335818
0.338938
0.342087
0.345265
0.348473
0.35171
0.354977
0.358275
0.361604
0.364963
0.368354
0.371776
0.37523
0.378716
0.382234
0.385785
0.389369
0.392986
0.396637
0.400322
0.404041
0.407795
0.411583
0.415407
0.419266
0.423161
0.427093
0.43106
0.435065
0.439107
0.443186
0.447304
0.451459
0.455653
0.459886
0.464159
0.468471
0.472823
0.477216
0.481649
0.486124
0.49064
0.495198
0.499799
0.504442
0.509128
0.513858
0.518632
0.52345
0.528313
0.533221
0.538175
0.543175
0.548221
0.553314
0.558455
0.563643
0.568879
0.574164
0.579498
0.584882
0.590316
0.5958
0.601335
0.606922
0.61256
0.618251
0.623994
0.629791
0.635642
0.641548
0.647508
0.653523
0.659595
0.665722
0.671907
0.678149
0.684449
0.690808
0.697226
0.703703
0.710241
0.716839
0.723499
0.73022
0.737004
0.743851
0.750762
0.757736
0.764776
0.771881
0.779052
0.786289
0.793594
0.800967
0.808408
0.815918
0.823498
0.831149
0.83887
0.846664
0.854529
0.862468
0.87048
0.878567
0.88673
0.894967
0.903282
0.911674
0.920143
0.928692
0.937319
0.946027
0.954816
0.963686
0.972639
0.981675
0.990795
1
1.00929
1.01867
1.02813
1.03768
1.04732
1.05705
1.06687
1.07678
1.08679
1.09688
1.10707
1.11736
1.12774
1.13822
1.14879
1.15946
1.17024
1.18111
1.19208
1.20315
1.21433
1.22561
1.237
1.24849
1.26009
1.2718
1.28361
1.29554
1.30757
1.31972
1.33198
1.34436
1.35684
1.36945
1.38217
1.39501
1.40797
1.42105
1.43426
1.44758
1.46103
1.4746
1.4883
1.50213
1.51608
1.53017
1.54438
1.55873
1.57321
1.58783
1.60258
1.61747
1.63249
1.64766
1.66297
1.67842
1.69401
1.70975
1.72563
1.74166
1.75784
1.77417
1.79066
1.80729
1.82408
1.84103
1.85813
1.87539
1.89282
1.9104
1.92815
1.94606
1.96414
1.98239
2.00081
2.01939
2.03815
2.05709
2.0762
2.09549
2.11496
2.1346
2.15443
2.17445
2.19465
2.21504
2.23562
2.25639
2.27735
2.29851
2.31986
2.34141
2.36316
2.38512
2.40728
2.42964
2.45221
2.47499
2.49799
2.52119
2.54462
2.56826
2.59212
2.6162
2.6405
2.66503
2.68979
2.71478
2.74
2.76546
2.79115
2.81708
2.84325
2.86967
2.89633
2.92323
2.95039
2.9778
3.00546
3.03339
3.06157
3.09001
3.11872
3.14769
3.17693
3.20645
3.23624
3.2663
3.29665
3.32727
3.35818
3.38938
3.42087
3.45265
3.48473
3.5171
3.54977
3.58275
3.61604
3.64963
3.68354
3.71776
3.7523
3.78716
3.82234
3.85785
3.89369
3.92986
3.96637
4.00322
4.04041
4.07795
4.11583
4.15407
4.19266
4.23161
4.27093
4.3106
4.35065
4.39107
4.43186
4.47304
4.51459
4.55653
4.59886
4.64159
4.68471
4.72823
4.77216
4.81649
4.86124
4.9064
4.95198
4.99799
5.04442
5.09128
5.13858
5.18632
5.2345
5.28313
5.33221
5.38175
5.43175
5.48221
5.53314
5.58455
5.63643
5.68879
5.74164
5.79498
5.84882
5.90316
5.958
6.01335
6.06922
6.1256
6.18251
6.23994
6.29791
6.35642
6.41548
6.47508
6.53523
6.59595
6.65722
6.71907
6.78149
6.84449
6.90808
6.97226
7.03703
7.10241
7.16839
7.23499
7.3022
7.37004
7.43851
7.50762
7.57736
7.64776
7.71881
7.79052
7.86289
7.93594
8.00967
8.08408
8.15918
8.23498
8.31149
8.3887
8.46664
8.54529
8.62468
8.7048
8.78567
8.8673
8.94967
9.03282
9.11674
9.20143
9.28692
9.37319
9.46027
9.54816
9.63686
9.72639
9.81675
9.90795
10
20
