[0.7215686274509804, 0.5254901960784314, 0.043137254901960784]
[0.7447712418300654, 0.5633986928104575, 0.1065359477124183]
[0.7679738562091503, 0.6013071895424837, 0.16993464052287582]
[0.7911764705882353, 0.6392156862745099, 0.23333333333333334]
[0.8143790849673203, 0.677124183006536, 0.29673202614379085]
[0.8375816993464051, 0.715032679738562, 0.3601307189542484]
[0.8607843137254902, 0.7529411764705882, 0.4235294117647059]
[0.8839869281045751, 0.7908496732026143, 0.48692810457516345]
[0.9071895424836601, 0.8287581699346405, 0.5503267973856208]
[0.9303921568627451, 0.8666666666666666, 0.6137254901960785]
[0.9535947712418301, 0.9045751633986928, 0.677124183006536]
[0.976797385620915, 0.9424836601307189, 0.7405228758169935]
[1.0, 0.9803921568627451, 0.803921568627451]
[1.0, 0.9803921568627451, 0.803921568627451]
[1.0, 0.9820261437908496, 0.7369281045751634]
[1.0, 0.9836601307189542, 0.6699346405228759]
[1.0, 0.9852941176470588, 0.6029411764705883]
[1.0, 0.9869281045751634, 0.5359477124183007]
[1.0, 0.9885620915032678, 0.468954248366013]
[1.0, 0.9901960784313726, 0.4019607843137255]
[1.0, 0.9918300653594772, 0.3349673202614379]
[1.0, 0.9934640522875817, 0.2679738562091504]
[1.0, 0.9950980392156863, 0.20098039215686275]
[1.0, 0.9967320261437909, 0.13398692810457513]
[1.0, 0.9983660130718954, 0.06699346405228761]
[1.0, 1.0, 0.0]
