[0.0, 0.39215686274509803, 0.0]
[0.07450980392156863, 0.4661764705882353, 0.07450980392156863]
[0.14901960784313725, 0.5401960784313725, 0.14901960784313725]
[0.22352941176470587, 0.6142156862745097, 0.22352941176470587]
[0.2980392156862745, 0.6882352941176471, 0.2980392156862745]
[0.37254901960784315, 0.7622549019607843, 0.37254901960784315]
[0.44705882352941173, 0.8362745098039215, 0.44705882352941173]
[0.5215686274509804, 0.9102941176470588, 0.5215686274509804]
[0.596078431372549, 0.984313725490196, 0.596078431372549]
[0.596078431372549, 0.984313725490196, 0.596078431372549]
[0.6465686274509804, 0.9862745098039215, 0.6465686274509804]
[0.6970588235294117, 0.988235294117647, 0.6970588235294117]
[0.7475490196078431, 0.9901960784313725, 0.7475490196078431]
[0.7980392156862746, 0.9921568627450981, 0.7980392156862746]
[0.8485294117647059, 0.9941176470588236, 0.8485294117647059]
[0.8990196078431373, 0.996078431372549, 0.8990196078431373]
[0.9495098039215686, 0.9980392156862745, 0.9495098039215686]
[1.0, 1.0, 1.0]
[1.0, 1.0, 1.0]
[0.9044117647058824, 0.9627450980392157, 0.9303921568627451]
[0.8088235294117647, 0.9254901960784314, 0.8607843137254902]
[0.7132352941176471, 0.888235294117647, 0.7911764705882353]
[0.6176470588235294, 0.8509803921568627, 0.7215686274509804]
[0.5220588235294118, 0.8137254901960784, 0.6519607843137255]
[0.4264705882352941, 0.776470588235294, 0.5823529411764705]
[0.33088235294117646, 0.7392156862745097, 0.5127450980392156]
[0.23529411764705882, 0.7019607843137254, 0.44313725490196076]
