[0.0, 0.0, 0.5019607843137255]
[0.28888888888888886, 0.2091503267973856, 0.6235294117647059]
[0.5777777777777777, 0.4183006535947712, 0.7450980392156863]
[0.8666666666666667, 0.6274509803921569, 0.8666666666666667]
[0.8666666666666667, 0.6274509803921569, 0.8666666666666667]
[0.9111111111111112, 0.6562091503267975, 0.8300653594771242]
[0.9555555555555555, 0.6849673202614379, 0.7934640522875818]
[1.0, 0.7137254901960784, 0.7568627450980392]
[1.0, 0.7137254901960784, 0.7568627450980392]
[0.750326797385621, 0.7686274509803922, 0.7764705882352942]
[0.5006535947712418, 0.8235294117647058, 0.7960784313725491]
[0.25098039215686274, 0.8784313725490196, 0.8156862745098039]
[0.25098039215686274, 0.8784313725490196, 0.8156862745098039]
