[0.0, 0.39215686274509803, 0.0]
[0.1192156862745098, 0.5105882352941177, 0.1192156862745098]
[0.2384313725490196, 0.6290196078431373, 0.2384313725490196]
[0.3576470588235294, 0.7474509803921568, 0.3576470588235294]
[0.4768627450980392, 0.8658823529411764, 0.4768627450980392]
[0.596078431372549, 0.984313725490196, 0.596078431372549]
[0.596078431372549, 0.984313725490196, 0.596078431372549]
[0.6768627450980392, 0.987450980392157, 0.6768627450980392]
[0.7576470588235293, 0.9905882352941177, 0.7576470588235293]
[0.8384313725490196, 0.9937254901960784, 0.8384313725490196]
[0.9192156862745098, 0.9968627450980392, 0.9192156862745098]
[1.0, 1.0, 1.0]
[1.0, 1.0, 1.0]
[0.8470588235294119, 0.9403921568627451, 0.8886274509803922]
[0.6941176470588235, 0.8807843137254902, 0.7772549019607843]
[0.5411764705882354, 0.8211764705882353, 0.6658823529411765]
[0.388235294117647, 0.7615686274509803, 0.5545098039215686]
[0.23529411764705882, 0.7019607843137254, 0.44313725490196076]
