[0.0, 0.0, 0.5019607843137255]
[0.10833333333333334, 0.0784313725490196, 0.5475490196078432]
[0.21666666666666667, 0.1568627450980392, 0.5931372549019608]
[0.325, 0.23529411764705882, 0.6387254901960784]
[0.43333333333333335, 0.3137254901960784, 0.6843137254901961]
[0.5416666666666667, 0.39215686274509803, 0.7299019607843138]
[0.65, 0.47058823529411764, 0.7754901960784314]
[0.7583333333333333, 0.5490196078431373, 0.821078431372549]
[0.8666666666666667, 0.6274509803921569, 0.8666666666666667]
[0.8666666666666667, 0.6274509803921569, 0.8666666666666667]
[0.8833333333333333, 0.6382352941176471, 0.8529411764705882]
[0.9, 0.6490196078431373, 0.8392156862745098]
[0.9166666666666667, 0.6598039215686274, 0.8254901960784314]
[0.9333333333333333, 0.6705882352941177, 0.8117647058823529]
[0.95, 0.6813725490196079, 0.7980392156862746]
[0.9666666666666667, 0.692156862745098, 0.7843137254901961]
[0.9833333333333334, 0.7029411764705882, 0.7705882352941176]
[1.0, 0.7137254901960784, 0.7568627450980392]
[1.0, 0.7137254901960784, 0.7568627450980392]
[0.9063725490196078, 0.7343137254901961, 0.7642156862745098]
[0.8127450980392157, 0.7549019607843137, 0.7715686274509803]
[0.7191176470588235, 0.7754901960784314, 0.778921568627451]
[0.6254901960784314, 0.7960784313725491, 0.7862745098039216]
[0.5318627450980392, 0.8166666666666667, 0.7936274509803921]
[0.43823529411764706, 0.8372549019607843, 0.8009803921568628]
[0.3446078431372549, 0.8578431372549019, 0.8083333333333333]
[0.25098039215686274, 0.8784313725490196, 0.8156862745098039]
[0.25098039215686274, 0.8784313725490196, 0.8156862745098039]
[0.25098039215686274, 0.8784313725490196, 0.8156862745098039]
